"HAc1" "HAc2" "HAps1" "HAps2" "PUc3" "PUc4" "PUps3" "PUps4"
"HAc1" 0 0.772119776687532 0.741678129298487 0.828783830874666 0.839082108282539 0.925050446814644 0.761738811445341 0.962031682172492
"HAc2" 0.772119776687532 0 0.499505244409262 0.747138488422892 0.541862821047613 0.89645999590751 0.423580786026201 0.929008341056534
"HAps1" 0.741678129298487 0.499505244409262 0 0.566516756129407 0.81486630141467 0.913826120260437 0.76730518067044 0.894196857967297
"HAps2" 0.828783830874666 0.747138488422892 0.566516756129407 0 0.915978773584906 0.905197378448407 0.890377125486843 0.879371783027583
"PUc3" 0.839082108282539 0.541862821047613 0.81486630141467 0.915978773584906 0 0.965873749684794 0.235201412091029 0.985286145744598
"PUc4" 0.925050446814644 0.89645999590751 0.913826120260437 0.905197378448407 0.965873749684794 0 0.95189701897019 0.655604470030478
"PUps3" 0.761738811445341 0.423580786026201 0.76730518067044 0.890377125486843 0.235201412091029 0.95189701897019 0 0.978322528363047
"PUps4" 0.962031682172492 0.929008341056534 0.894196857967297 0.879371783027583 0.985286145744598 0.655604470030478 0.978322528363047 0
