"HPc1" "HPc2" "HPps1" "HPps2" "KEc3" "KEc4" "KEps3" "KEps4"
"HPc1" 0 0.741541353383459 0.773159144893112 0.869940278699403 0.810420590081607 0.916971916971917 0.811346548188653 0.964569334147831
"HPc2" 0.741541353383459 0 0.401190476190476 0.783100465735196 0.769666456891126 0.925336597307222 0.788896504455106 0.926515615431721
"HPps1" 0.773159144893112 0.401190476190476 0 0.837582625118036 0.814847161572052 0.941176470588235 0.83448275862069 0.961312026913373
"HPps2" 0.869940278699403 0.783100465735196 0.837582625118036 0 0.87603305785124 0.94471865745311 0.856801909307876 0.930830039525692
"KEc3" 0.810420590081607 0.769666456891126 0.814847161572052 0.87603305785124 0 0.956323930846224 0.268398268398268 0.987249544626594
"KEc4" 0.916971916971917 0.925336597307222 0.941176470588235 0.94471865745311 0.956323930846224 0 0.936016511867905 0.676290463692038
"KEps3" 0.811346548188653 0.788896504455106 0.83448275862069 0.856801909307876 0.268398268398268 0.936016511867905 0 0.981404958677686
"KEps4" 0.964569334147831 0.926515615431721 0.961312026913373 0.930830039525692 0.987249544626594 0.676290463692038 0.981404958677686 0
