"KRc1" "KRc2" "KRps1" "KRps2" "LAc3" "LAc4" "LAps3" "LAps4"
"KRc1" 0 0.809320743222662 0.829097458475085 0.857570573139435 0.84804469273743 0.950419995902479 0.800112930547713 0.971924528301887
"KRc2" 0.809320743222662 0 0.440896904703875 0.749867794817557 0.826103146527648 0.853523952846752 0.791355510296447 0.961263304833362
"KRps1" 0.829097458475085 0.440896904703875 0 0.68278355173972 0.861125723303524 0.940446650124069 0.826666666666667 0.972609322441134
"KRps2" 0.857570573139435 0.749867794817557 0.68278355173972 0 0.934501580005745 0.843586075345732 0.906682483194939 0.900546732621713
"LAc3" 0.84804469273743 0.826103146527648 0.861125723303524 0.934501580005745 0 0.970157352143245 0.297231665857212 0.987845303867403
"LAc4" 0.950419995902479 0.853523952846752 0.940446650124069 0.843586075345732 0.970157352143245 0 0.953182150694952 0.706870983687593
"LAps3" 0.800112930547713 0.791355510296447 0.826666666666667 0.906682483194939 0.297231665857212 0.953182150694952 0 0.982134881643591
"LAps4" 0.971924528301887 0.961263304833362 0.972609322441134 0.900546732621713 0.987845303867403 0.706870983687593 0.982134881643591 0
